             4573    4449     556     450     556     450
              556     450     556     450     556    1453
              556    1453     556     450     556     450
              556    1453     556    1453     556    1453
              556    1453     556     450     556     450
              556     450     556     450     556    4449
              556     450     556     450     556     450
              556     450     556     450     556     450
              556     450     556    1453     556    1453
              556    1453     556    1453     556     450
              556    1453     556    1453     556    1453
              556     450     556     450     556     450
              556     450     556    1453    